450 725
450 700
450 675
450 650
475 650
500 650
525 650
550 650
550 725
550 700
550 675
50 250
50 275
50 325
50 350
150 275
150 325
150 350
250 250
250 275
250 325
250 350
350 250
350 275
350 325
350 350
450 275
450 325
450 350
550 250
550 275
550 325
650 250
650 275
650 325
750 250
750 275
750 325
850 250
850 275
850 325
0 550
0 575
25 475
25 500
25 525
25 550
25 575
50 475
50 500
50 525
50 550
50 575
75 475
75 500
75 525
75 550
75 575
125 475
125 500
125 525
125 550
125 575
150 475
150 500
150 525
150 550
150 575
175 475
175 500
175 525
175 550
175 575
200 525
200 550
200 575
225 475
225 500
225 525
225 550
225 575
250 475
250 500
250 525
250 550
250 575
275 475
275 500
275 525
275 550
275 575
725 475
725 500
725 525
725 550
725 575
750 475
750 500
750 525
750 550
750 575
775 550
775 575
800 500
800 525
800 550
800 575
825 475
825 500
825 525
825 550
825 575
850 475
850 500
850 525
850 550
850 575
875 475
875 500
875 525
875 550
875 575
900 475
900 500
900 525
900 550
900 575
925 500
925 525
925 550
925 575
950 475
950 500
950 525
950 550
950 575
975 475
975 500
975 525
975 550
975 575
